compare_num: 10
fa_rate:0.500000(2/4), fr_rate:0.000000(0/6), wa_rate:0.000000(0/4), acc:0.8000(8/10)
