compare_num: 10
fa_rate:0.000000(0/0), fr_rate:0.200000(2/10), wa_rate:0.000000(0/0), acc:0.8000(8/10)
compare_num: 10
fa_rate:0.333333(1/3), fr_rate:0.000000(0/7), wa_rate:0.000000(0/3), acc:0.9000(9/10)
compare_num: 10
fa_rate:0.000000(0/6), fr_rate:0.750000(3/4), wa_rate:0.333333(2/6), acc:0.5000(5/10)
