compare_num: 10
far:1.000000(2/2), frr:0.000000(0/8), war:0.000000(0/2), acc:0.8000(8/10)
compare_num: 20
far:0.666667(6/9), frr:0.000000(0/11), war:0.111111(1/9), acc:0.6500(13/20)
