compare_num: 10
far:0.000000(0/0), frr:0.000000(0/10), war:0.000000(0/0), acc:1.0000(10/10)
compare_num: 20
far:0.000000(0/0), frr:0.150000(3/20), war:0.000000(0/0), acc:0.8500(17/20)