compare_num: 100
far:0.000000(0/17), frr:1.000000(83/83), war:1.000000(17/17), acc:0.0000(0/100)
