compare_num: 100
far:0.000000(0/15), frr:1.000000(85/85), war:1.000000(15/15), acc:0.0000(0/100)
compare_num: 200
far:0.000000(0/25), frr:1.000000(175/175), war:0.960000(24/25), acc:0.0050(1/200)
