far:0.000000(0/56), frr:1.000000(44/44), war:0.910714(51/56), acc:0.0500(5/100)
compare_num: 100
far:0.000000(0/56), frr:1.000000(44/44), war:0.910714(51/56), acc:0.0500(5/100)
