compare_num: 100
far:0.000000(0/66), frr:1.000000(34/34), war:0.863636(57/66), acc:0.0900(9/100)
