compare_num: 10
fa_rate:1.000000(6/6), fr_rate:0.000000(0/4), wa_rate:0.000000(0/6), acc:0.4000(4/10)
compare_num: 20
fa_rate:0.857143(12/14), fr_rate:0.000000(0/6), wa_rate:0.000000(0/14), acc:0.4000(8/20)
compare_num: 30
fa_rate:0.764706(13/17), fr_rate:0.230769(3/13), wa_rate:0.058824(1/17), acc:0.4333(13/30)
compare_num: 40
fa_rate:0.720000(18/25), fr_rate:0.200000(3/15), wa_rate:0.080000(2/25), acc:0.4250(17/40)
