compare_num: 10
fa_rate:0.833333(5/6), fr_rate:0.166667(1/6), wa_rate:0.000000(0/6), acc:0.5000(6/12)
compare_num: 20
fa_rate:0.636364(7/11), fr_rate:0.363636(4/11), wa_rate:0.000000(0/11), acc:0.5000(11/22)
compare_num: 30
fa_rate:0.428571(9/21), fr_rate:0.571429(12/21), wa_rate:0.095238(2/21), acc:0.4524(19/42)
compare_num: 40
fa_rate:0.428571(12/28), fr_rate:0.571429(16/28), wa_rate:0.107143(3/28), acc:0.4464(25/56)
