compare_num: 10
fa_rate:0.500000(1/2), fr_rate:0.500000(1/2), wa_rate:0.000000(0/2), acc:0.5000(2/4)
compare_num: 20
fa_rate:0.444444(4/9), fr_rate:0.555556(5/9), wa_rate:0.000000(0/9), acc:0.5000(9/18)
